6833
153108
53148659256.000000
1045880748.000000
14096879.000000
128411.000000
90751335679620.000000
3571682754420.000000
11706856399.000000
96281683570.000000
877047130.000000
670286114.000000
1290399649.000000
54104183.000000
8794625.000000
1104610.000000
11190.000000
123948174271225008.000000
8130340509978060.000000
79946122348771.000000
328753808549765.000000
2994677425385.000000
4577383872506.000000
8812139203021.000000
369477465707.000000
60058494125.000000
7543381690.000000
76416510.000000
2153724713301.000000
19606261972.000000
35227199948.000000
182694914300.000000
118013954840.000000
5562076602.000000
4911756283.000000
7528760553.000000
4943597783.000000
642838482.000000
73158444.000000
304763687.000000
443871855.000000
202209111.000000
34010402.000000
4191802.000000
8782743.000000
17573599.000000
6171766.000000
258879.000000
729950.000000
19349.000000
200.000000
